#pragma once

#ifndef EXAMPLE_H
#define EXAMPLE_H

#include "DataType.h"

using namespace std;
using namespace cv;

namespace {
    RegistrationTestData sample = RegistrationTestData
    {
        "20211112114205",
        "sample",
        "data\\model.obj",
        "data\\model.obj",
        new double[16]
    {
        1, 0, 0, 0.02,
        0, 1, 0, -0.01,
        0, 0, 1, -0.03,
        0, 0, 0, 1
    }
    };

    RegistrationTestData fail1 = RegistrationTestData
    {
        "20211112114205",
        "fail1",
        "data\\model.obj",
        "data\\20211112114205\\scene.obj",
        new double[16]
        {
           -0.9943239688873291, 0.033070243895053864, -0.10112399607896805, 0.34439527988433838,
           -0.042541451752185822, 0.7476012110710144, 0.66278398036956787, -0.46317532658576965,
           0.097518742084503174, 0.66332399845123291, -0.74195104837417603, -0.23278278112411499,
           0, 0, 0, 1
        },
        vector<FeaturePoint> {
          FeaturePoint // nose
          {
              0.05f,
              cv::Vec3f(0.113545f, 0.221563f, 0.183073f),
              cv::Vec3f(0.22030885517597198, -0.18102709949016571, -0.21057319641113281)
          }
        }
    };

    RegistrationTestData fail2 = RegistrationTestData
    {
        "20211112114340",
        "fail2",
        "data\\model.obj",
        "data\\20211112114340\\scene.obj",
        new double[16]
        {
            -0.215495094656944275, -0.515701830387115479, 0.829224765300750732, 0.202815130352973938,
            -0.003272652626037598, 0.849552750587463379, 0.527493298053741455, -0.462020576000213623,
            -0.976499497890472412, 0.110958471894264221, -0.184762194752693176, -0.098988197743892670,
            0.000000000000000000, 0.000000000000000000, 0.000000000000000000, 1.000000000000000000
        },
        vector<FeaturePoint> {
          FeaturePoint // nose
          {
              0.05f,
              cv::Vec3f(0.113545f, 0.221563f, 0.183073f),
              cv::Vec3f(0.21589498221874237, -0.17759290337562561, -0.21910548210144043)
          }
        }
    };

    RegistrationTestData fail3 = RegistrationTestData
    {
        "20211112114616",
        "fail3",
        "data\\model.obj",
        "data\\20211112114616\\scene.obj",
        new double[16]
        {
          -0.109513953328132629, 0.540356338024139404, -0.834279000759124756, 0.260107129812240601,
          -0.037696596235036850, 0.836465716361999512, 0.546720981597900391, -0.470219850540161133,
           0.993270277976989746, 0.091323055326938629, -0.071235023438930511, -0.327591836452484131,
           0.000000000000000000, 0.000000000000000000, 0.000000000000000000, 1.000000000000000000
        },
        vector<FeaturePoint> {
            FeaturePoint // nose
            {
                0.05f,
                cv::Vec3f(0.113545f, 0.221563f, 0.183073f),
                cv::Vec3f(0.2146613746881485, -0.1890803724527359, -0.20761840045452118),
            }
        }
    };

    RegistrationTestData success1 = RegistrationTestData
    {
        "20211112114009",
        "success1",
        "data\\model.obj",
        "data\\20211112114009\\scene.obj",
        new double[16] {
            -0.968687951564788818, -0.222354128956794739, -0.110461480915546417, 0.390509903430938721,
            -0.072253987193107605, -0.173181593418121338, 0.982235789299011230, -0.310296297073364258,
            -0.237534105777740479, 0.959461629390716553, 0.151692986488342285, -0.403522670269012451,
             0.000000000000000000, 0.000000000000000000, 0.000000000000000000, 1.000000000000000000
        },
        vector<FeaturePoint> {
            FeaturePoint // nose
            {
                0.05f,
                cv::Vec3f(0.113545f, 0.221563f, 0.183073f),
                cv::Vec3f(0.21544723212718964, -0.17464002966880798, -0.19083625078201294)
            }
        }
    };

    RegistrationTestData success2 = RegistrationTestData
    {
        "20211112114041",
        "success2",
        "data\\model.obj",
        "data\\20211112114041\\scene.obj",
        new double[16] {
            -0.000000043711388287, 0.000000000000000000, 1.000000000000000000, 0.061966955661773682,
             0.000000000000000000, 1.000000000000000000, 0.000000000000000000, -0.394280374050140381,
            -1.000000000000000000, 0.000000000000000000, -0.000000043711388287, -0.117265284061431885,
             0.000000000000000000, 0.000000000000000000, 0.000000000000000000, 1.000000000000000000
        },
        vector<FeaturePoint> {
            FeaturePoint // nose
            {
                0.05f,
                cv::Vec3f(0.113545f, 0.221563f, 0.183073f),
                cv::Vec3f(0.24503993988037109, -0.1727173775434494, -0.23081028461456299)
            },
            FeaturePoint // right eye
            {
                0.05f,
                cv::Vec3f(0.144233f, 0.194138f, 0.211906f),
                cv::Vec3f(0.291884f, -0.192936f, -0.274362f)
            },
            FeaturePoint // left eye
            {
                0.05f,
                cv::Vec3f(0.072768f, 0.191650f, 0.210047f),
                cv::Vec3f(0.284611f, -0.194604f, -0.202408f)
            }
        }
    };

    RegistrationTestData success3 = RegistrationTestData
    {
        "20211112114423",
        "success3",
        "data\\model.obj",
        "data\\20211112114423\\scene.obj",
        new double[16]
        {
           -0.864170193672180176, -0.480944097042083740, -0.147993370890617371, 0.429754197597503662,
           -0.276926219463348389, 0.208984822034835815, 0.937889575958251953, -0.386700749397277832,
           -0.420144110918045044, 0.851479887962341309, -0.313784599304199219, -0.285668551921844482,
           0.000000000000000000, 0.000000000000000000, 0.000000000000000000, 1.000000000000000000
         },
        vector<FeaturePoint> {
            FeaturePoint // nose
            {
                0.05f,
                cv::Vec3f(0.113545f, 0.221563f, 0.183073f),
                cv::Vec3f(0.21018689870834351, -0.1941569596529007, -0.20214903354644775)
            },
            FeaturePoint // right eye
            {
                0.05f,
                cv::Vec3f(0.144233f, 0.194138f, 0.211906f),
                cv::Vec3f(0.174010f, -0.182413f, -0.251631f)
            },
            FeaturePoint // left eye
            {
                0.05f,
                cv::Vec3f(0.072768f, 0.191650f, 0.210047f),
                cv::Vec3f(0.246817f, -0.182898f, -0.245278f)
            }
        }
    };

    RegistrationTestData fieldtest1 = RegistrationTestData
    {
        "20210927161227",
        "fieldtest1",
        "data\\fieldtest\\20210927161227\\model39.obj",
        "data\\fieldtest\\20210927161227\\scene.obj",
        new double[16]
        {
            -0.04377901554107666, 0.24003127217292786, -0.96977764368057251, 0.2678050696849823,
            -0.13368003070354462, 0.9605715274810791, 0.24378734827041626, -0.375751793384552,
            0.99005722999572754, 0.14031270146369934, -0.009965553879737854, -0.30464810132980347,
            0, 0, 0, 1
        },
        vector<FeaturePoint> {
            FeaturePoint // nose
            {
                0.05f,
                cv::Vec3f(0.087638f, 0.16747f, 0.115069f),
                cv::Vec3f(0.192575f, -0.198548f, -0.195530f)
            },
            FeaturePoint // right eye
            {
                0.05f,
                cv::Vec3f(0.117177f, 0.15281f, 0.134526f),
                cv::Vec3f(0.154298f, -0.219038f, -0.159220f)
            },
            FeaturePoint // left eye
            {
                0.05f,
                cv::Vec3f(0.065339f, 0.152609f, 0.136237f),
                cv::Vec3f(0.150808f, -0.209629f, -0.239563f)
            }
        }
    };

    RegistrationTestData fieldtest2 = RegistrationTestData
    {
        "20211001133838",
        "fieldtest2",
        "data\\fieldtest\\20211001133838\\model42.obj",
        "data\\fieldtest\\20211001133838\\scene.obj",
        new double[16]
        {
            -0.045703936368227005, 0.10868963599205017, -0.99302417039871216, 0.27181845903396606,
            0.13075368106365204, 0.98616206645965576, 0.10192066431045532, -0.36313772201538086,
            0.99036085605621338, -0.12518331408500671, -0.059283539652824402, -0.24419152736663818,
            0, 0, 0, 1
        },
        vector<FeaturePoint> {
            FeaturePoint // nose
            {
                0.05f,
                cv::Vec3f(0.084355f, 0.147211f, 0.088962f),
                cv::Vec3f(0.195622f, -0.197867f, -0.184352f)
            },
            FeaturePoint // right eye
            {
                0.05f,
                cv::Vec3f(0.116278f, 0.127181f, 0.125487f),
                cv::Vec3f(0.152057f, -0.2115688f, -0.155294f)
            },
            FeaturePoint // left eye
            {
                0.05f,
                cv::Vec3f(0.0489f, 0.132074f, 0.118933f),
                cv::Vec3f(0.161371f, -0.216850f, -0.224592f)
            }
        }
    };

    RegistrationTestData fieldtest3 = RegistrationTestData
    {
        "20211101121445",
        "fieldtest3",
        "data\\fieldtest\\20211101121445\\model49.obj",
        "data\\fieldtest\\20211101121445\\scene.obj",
        new double[16]
        {
            0.1336531937122345, 0.77161943912506104, -0.62188470363616943, 0.13425417244434357,
            0.2108159065246582, 0.59101545810699463, 0.77862548828125, -0.4039376974105835,
            0.96834605932235718, -0.23516885936260223, -0.083678603172302246, -0.25380942225456238,
            0, 0, 0, 1
        },
        vector<FeaturePoint> {
            FeaturePoint // nose
            {
                0.05f,
                cv::Vec3f(0.088878f, 0.161605f, 0.085372f),
                cv::Vec3f(0.217739f, -0.223217f, -0.212893f)
            },
            FeaturePoint // right eye
            {
                0.05f,
                cv::Vec3f(0.123424f, 0.139688f, 0.115907f),
                cv::Vec3f(0.188624f, -0.205317f, -0.173567f)
            },
            FeaturePoint // left eye
            {
                0.05f,
                cv::Vec3f(0.058766f, 0.143584f, 0.119192f),
                cv::Vec3f(0.178649f, -0.213852f, -0.240735f)
            }
        }
    };

    RegistrationTestData fieldtest4 = RegistrationTestData
    {
        "20211015082620",
        "fieldtest4",
        "data\\fieldtest\\20211015082620\\model51.obj",
        "data\\fieldtest\\20211015082620\\scene.obj",
        new double[16]
        {
            -0.1306774914264679, -0.023263335227966309, -0.99115186929702759, 0.29041093587875366,
            0.067326895892620087, 0.99720865488052368, -0.032282263040542603, -0.35639068484306335,
            0.98913615942001343, -0.070949703454971313, -0.12874679267406464, -0.27792814373970032,
            0, 0, 0, 1
        },
        vector<FeaturePoint> {
            FeaturePoint // nose
            {
                0.05f,
                cv::Vec3f(0.088829f, 0.167583f, 0.090704f),
                cv::Vec3f(0.185003f, -0.186223f, -0.213632f)
            },
            FeaturePoint // right eye
            {
                0.05f,
                cv::Vec3f(0.118746f, 0.141179f, 0.121431f),
                cv::Vec3f(0.152307f, -0.210268f, -0.183233f)
            },
            FeaturePoint // left eye
            {
                0.05f,
                cv::Vec3f(0.057612f, 0.142068f, 0.124321f),
                cv::Vec3f(0.157925f, -0.213286f, -0.245199f)
            }
        }
    };

    RegistrationTestData fieldtest5 = RegistrationTestData
    {
        "20211112105152",
        "fieldtest5",
        "dat\\fieldtest\\20211112105152\\model65.obj",
        "data\\fieldtest\\20211112105152\\scene.obj",
        new double[16]
        {
            -0.46088963747024536, 0.26246047019958496, 0.8477591872215271, 0.16896694898605347,
            -0.15448129177093506, 0.91695618629455566, -0.36786824464797974, -0.31468385457992554,
            -0.87390869855880737, -0.30050957202911377, -0.38207042217254639, -0.05742354691028595,
            0, 0, 0, 1
        },
        vector<FeaturePoint> {
            FeaturePoint // nose
            {
                0.05f,
                cv::Vec3f(0.079157f, 0.158002f, 0.046864f),
                cv::Vec3f(0.213683f, -0.199271f, -0.191986f)
            },
            FeaturePoint // right eye
            {
                0.05f,
                cv::Vec3f(0.081015f, 0.157931f, 0.053231f),
                cv::Vec3f(0.248313f, -0.2223313f, -0.213309f)
            },
            FeaturePoint // left eye
            {
                0.05f,
                cv::Vec3f(0.064903f, 0.146991f, 0.0506f),
                cv::Vec3f(0.232441f, -0.224665f, -0.152704f)
            }
        }
    };
}

#endif